17289959931316644499265248332609966493573541975672767439894566993300304735621790170252230794443332365307
15724605919818413182578842991469503360630569170503626004600952390767973558300719134340888021850710594347
899173337391997439
1298074214633706835075030044377087
1794246734005973984246794873619
1147797409030816541552
207472224677348520782169522210760858748099647472111
29927402397991286489627837734179186385188296382227
29927402397991286489627837734179186385188296382225764481929
299274023979912864896278377341791863851882963822257644819949
35413964811102190564695566459046452407610477572392
39211365861014358495336934644674255393638498736899765129607
42371771183060441364943917834132468285529758477838
47978606916678785574401759729693656416163568730487
55958113305545815935916685956059861146086260203309
55958113305545815935916685956059861146086260203306949047999
61195502497920188936163063210607654306949880350933
61195502497920188936163063210607654306949880350933791498604
89972311755326443689050861364745318253165105790991
10376418948247669536676800199238151813226112478311
11575698666830365789896246795735704612419132473631
100000000000000000000000007
100000000000000000000000019
100000000000000000000000031
100000000000000000000000041
100000000000000000000000053
100000000000000000000000067
100000000000000000000000071
100000000000000000000000083
100000000000000000000000097
100000000000000000000000101
100000000000000000000000109
100000000000000000000000127
100000000000000000000000137
100000000000000000000000149
100000000000000000000000151
100000000000000000000000157
100000000000000000000000163
100000000000000000000000173
100000000000000000000000191
100000000000000000000000197
100000000000000000000000211
100000000000000000000000227
100000000000000000000000229
100000000000000000000000233
100000000000000000000000239
100000000000000000000000241
100000000000000000000000263
100000000000000000000000269
100000000000000000000000271
100000000000000000000000277
